[
-0.23617117745535715,
-0.26382882254464285,
-0.339111328125,
-0.3873814174107143,
-0.547119140625,
-0.76123046875,
-0.8369140625,
-1.2329799107142858,
-1.5306919642857142,
-1.7666015625,
-2.0763113839285716,
-2.3055245535714284,
-2.427734375,
-2.5234375,
-2.732142857142857,
-2.7290736607142856,
-2.9056919642857144,
-2.960658482142857,
-3.023716517857143,
-3.0756138392857144,
-3.1492745535714284,
-3.2979910714285716,
-3.258091517857143,
-3.4419642857142856,
-3.3431919642857144,
-3.5379464285714284,
-3.3914620535714284,
-3.614955357142857,
-3.5281808035714284,
-3.607421875,
-3.614955357142857,
-3.584263392857143,
-3.676060267857143,
-3.5619419642857144,
-3.74609375,
-3.6947544642857144,
-3.7544642857142856,
-3.642857142857143,
-3.84765625,
-3.7977120535714284,
-3.9302455357142856,
-3.853236607142857,
-3.7720424107142856,
-3.8861607142857144,
-3.9581473214285716,
-3.994140625,
-4.069196428571429,
-4.056082589285714,
-3.9330357142857144,
-4.0625,
-4.089564732142857,
-3.9056919642857144,
-4.181361607142857,
-3.9718191964285716,
-4.171595982142857,
-4.125558035714286,
-4.285714285714286,
-4.161830357142857,
-4.244977678571429,
-4.229352678571429,
-4.252790178571429,
-4.313058035714286,
-4.136439732142857,
-4.256696428571429,
-4.428571428571429,
-4.2109375,
-4.429129464285714,
-4.352120535714286,
-4.361607142857143,
-4.203125,
-4.407924107142857,
-4.424107142857143,
-4.360491071428571,
-4.1953125,
-4.273995535714286,
-4.200892857142857,
-4.2421875,
-4.353236607142857,
-4.426897321428571,
-4.286830357142857,
-4.353236607142857,
-4.506138392857143,
-4.319754464285714,
-4.467075892857143,
-4.407924107142857,
-4.262276785714286,
-4.349330357142857,
-4.44921875,
-4.260044642857143,
-4.467633928571429,
-4.411830357142857,
-4.427455357142857,
-4.540178571428571,
-4.373325892857143,
-4.37109375,
-4.417410714285714,
-4.445870535714286,
-4.400669642857143,
-4.491629464285714,
-4.497209821428571,
-4.442522321428571,
-4.443638392857143,
-4.47265625,
-4.478794642857143,
-4.447544642857143,
-4.522879464285714,
-4.647879464285714,
-4.633370535714286,
-4.565848214285714,
-4.642857142857143,
-4.59375,
-4.643415178571429,
-4.701450892857143,
-4.559709821428571,
-4.6796875,
-4.604352678571429,
-4.603236607142857,
-4.694196428571429,
-4.697544642857143,
-4.813058035714286,
-4.731584821428571,
-4.592075892857143,
-4.742745535714286,
-4.709263392857143,
-4.59765625,
-4.642299107142857,
-4.632254464285714,
-4.709821428571429,
-4.791294642857143,
-4.690290178571429,
-4.838727678571429,
-4.798549107142857,
-4.74609375,
-4.698660714285714,
-4.77734375,
-4.660714285714286,
-4.888392857142857,
-4.762834821428571,
-4.771763392857143,
-4.847098214285714,
-4.810825892857143,
-4.774553571428571,
-4.848772321428571,
-4.892857142857143,
-4.830915178571429,
-4.81640625,
-4.868303571428571,
-4.757254464285714,
-4.8515625,
-4.9765625,
-4.79296875,
-4.926339285714286,
-4.901785714285714,
-4.923549107142857,
-4.8671875,
-4.976004464285714,
-4.815848214285714,
-4.988839285714286,
-5.002232142857143,
-4.927455357142857,
-4.941964285714286,
-4.970424107142857,
-5.016741071428571,
-4.909598214285714,
-4.967633928571429,
-4.921316964285714,
-5.020089285714286,
-4.978794642857143,
-4.963169642857143,
-5.038504464285714,
-4.930245535714286,
-5.015625,
-5.16796875,
-4.995535714285714,
-5.116629464285714,
-5.045200892857143,
-5.189174107142857,
-5.017299107142857,
-5.042410714285714,
-5.114955357142857,
-5.059709821428571,
-5.060267857142857,
-5.092633928571429,
-5.088727678571429,
-5.032366071428571,
-5.18359375,
-5.130022321428571,
-5.159040178571429,
-5.08203125,
-5.139508928571429,
-5.041852678571429,
-5.11328125,
-5.099330357142857,
-5.094308035714286,
-5.12890625,
-5.08203125,
-5.165736607142857,
-5.168526785714286,
-5.171875,
-5.178013392857143,
-5.090401785714286,
-5.088727678571429,
-5.154017857142857,
-5.181919642857143,
-5.06640625,
-5.137276785714286,
-5.164620535714286,
-5.072544642857143,
-5.28515625,
-5.19140625,
-5.089285714285714,
-5.204799107142857,
-5.209821428571429,
-5.221540178571429,
-5.150669642857143,
-5.205357142857143,
-5.196428571428571,
-5.313058035714286,
-5.2265625,
-5.233816964285714,
-5.198102678571429,
-5.205915178571429,
-5.227678571428571,
-5.125,
-5.311941964285714,
-5.271763392857143,
-5.198102678571429,
-5.229352678571429,
-5.23828125,
-5.276227678571429,
-5.272321428571429,
-5.3046875,
-5.273995535714286,
-5.340401785714286,
-5.301897321428571,
-5.290178571428571,
-5.251116071428571,
-5.320870535714286,
-5.266183035714286,
-5.29296875,
-5.274553571428571,
-5.2265625,
-5.316964285714286,
-5.30078125,
-5.270089285714286,
-5.320870535714286,
-5.366071428571429,
-5.326450892857143,
-5.280133928571429,
-5.190848214285714
]
['A man in a restaurant']
1007
